[header]
width=128
height=32
tilewidth=16
tileheight=16

[layer]
type=Tile Layer 1
data=
26,26,26,26,26,26,26,26,26,26,26,26,26,26,26,26,26,26,26,26,26,26,26,26,26,26,26,26,92,26,26,26,26,26,26,26,26,26,26,26,26,26,26,26,26,26,26,26,26,26,26,26,26,26,26,26,26,26,26,26,26,26,26,26,26,26,26,26,26,26,26,26,26,26,26,26,26,26,26,26,26,26,26,26,26,26,26,26,26,26,26,26,26,26,26,26,26,26,26,26,26,26,26,26,26,26,26,26,26,26,26,26,26,26,26,26,26,26,26,26,26,26,26,26,26,26,26,26,
26,26,26,26,26,26,26,26,26,26,26,26,26,26,26,26,26,26,26,26,26,26,26,26,26,26,26,26,92,26,26,26,26,26,26,26,26,26,26,26,26,26,26,26,26,26,26,26,26,26,26,26,26,26,26,26,26,26,26,26,26,26,26,26,26,26,26,26,26,26,26,26,26,26,26,26,26,26,26,26,26,26,26,26,26,26,26,26,26,26,26,26,26,26,26,26,26,26,26,26,26,26,26,26,26,26,26,26,26,26,26,26,26,26,26,26,26,26,26,26,26,26,26,26,26,26,26,26,
26,26,26,26,26,26,26,26,26,26,26,26,26,26,26,26,26,26,26,26,26,26,26,26,26,26,26,26,92,26,26,26,26,26,26,26,26,26,26,26,26,26,26,26,26,26,26,26,26,26,26,26,26,26,26,26,26,26,26,26,26,26,26,26,26,26,26,26,26,26,26,26,26,26,26,26,26,26,26,26,26,26,26,26,26,26,26,26,26,26,26,26,26,26,26,26,26,26,26,26,26,26,26,26,26,26,26,26,26,26,26,26,26,26,26,26,26,26,26,26,26,26,26,26,26,26,26,26,
26,26,26,26,26,26,26,26,26,26,26,26,26,26,26,26,26,26,26,26,26,26,26,26,26,26,26,26,92,26,26,26,26,26,26,26,26,26,26,26,26,26,26,26,26,26,26,26,26,26,26,26,26,26,26,26,26,26,26,26,26,26,26,26,26,26,26,26,26,26,26,26,26,26,26,26,26,26,26,26,26,26,26,26,26,26,26,26,26,26,26,26,26,26,26,26,26,26,26,26,26,26,26,26,26,26,26,26,26,26,26,26,26,26,26,26,26,26,26,26,26,26,26,26,26,26,26,26,
26,26,26,26,26,26,26,26,26,26,26,26,26,26,26,26,26,26,26,26,26,26,26,26,26,26,26,26,92,26,26,26,26,26,26,26,26,26,26,26,26,26,26,26,26,26,26,26,26,26,26,26,26,26,26,26,26,26,26,26,26,26,26,26,26,26,26,26,26,26,26,26,26,26,26,26,26,26,26,26,26,26,26,26,26,26,26,26,26,26,26,26,26,26,26,26,26,26,26,26,26,26,26,26,26,26,26,26,26,26,26,26,26,26,26,26,26,26,26,26,26,26,26,26,26,26,26,26,
26,26,26,26,26,26,26,26,26,26,26,26,26,26,26,26,26,26,26,26,26,26,26,26,26,26,26,26,92,26,26,26,26,26,26,26,26,26,26,26,26,26,26,26,26,26,26,26,26,26,26,26,26,26,26,26,26,26,26,26,26,26,26,26,26,26,26,26,26,26,26,26,26,26,26,26,26,26,26,26,26,26,26,26,26,26,26,26,26,26,26,26,26,26,26,26,26,26,26,26,26,26,26,26,26,26,26,26,26,26,26,26,26,26,26,26,26,26,26,26,26,26,26,26,26,26,26,26,
26,26,26,26,26,26,26,26,26,26,26,26,26,26,26,26,26,26,26,26,26,26,26,26,26,26,26,26,92,26,26,26,26,26,26,26,26,26,26,26,26,26,26,26,26,26,26,26,26,26,26,26,26,26,26,26,26,26,26,26,26,26,26,26,26,26,26,26,26,26,26,26,26,26,26,26,26,26,26,26,26,26,26,26,26,26,26,26,26,26,26,26,26,26,26,26,26,26,26,26,26,26,26,26,26,26,26,26,26,26,26,26,26,26,26,26,26,26,26,26,26,26,26,26,26,26,26,26,
26,26,26,26,26,26,26,26,26,26,26,26,26,26,26,26,26,26,26,26,26,26,26,26,26,26,26,26,92,26,26,26,26,26,26,26,26,26,26,26,26,26,26,26,26,26,26,26,26,26,26,26,26,26,26,26,26,26,26,26,26,26,26,26,26,26,26,26,26,26,26,26,26,26,26,26,26,26,26,26,26,26,26,26,26,26,26,26,26,26,26,26,26,26,26,26,26,26,26,26,26,26,26,26,26,26,26,26,26,26,26,26,26,26,26,26,26,26,26,26,26,26,26,26,26,26,26,26,
26,26,26,26,26,26,26,26,26,26,26,26,26,26,26,26,26,26,26,26,26,26,26,26,26,26,26,26,92,26,26,26,26,26,26,26,26,26,26,26,26,26,26,26,26,26,26,26,26,26,26,26,26,26,26,26,26,26,26,26,26,26,26,26,26,26,26,26,26,26,26,26,26,26,26,26,26,26,26,26,26,26,26,26,26,26,26,26,26,26,26,26,26,26,26,26,26,26,26,26,26,26,26,26,26,26,26,26,26,26,26,26,26,26,26,26,26,26,26,26,26,26,26,26,26,26,26,26,
26,26,26,26,26,26,26,26,26,26,26,26,26,26,26,26,26,26,26,26,26,26,26,26,26,26,26,26,92,26,26,26,26,26,26,26,26,26,26,26,26,26,26,26,26,26,26,26,26,26,26,26,26,26,26,26,26,26,26,26,26,26,26,26,26,26,26,26,26,26,26,26,26,26,26,26,26,26,26,26,26,26,26,26,26,26,26,26,26,26,26,26,26,26,26,26,26,26,26,26,26,26,26,26,26,26,26,26,26,26,26,26,26,26,26,26,26,26,26,26,26,26,26,26,26,26,26,26,
26,26,26,26,26,26,26,26,26,26,26,26,26,26,26,26,26,26,26,26,26,26,26,26,26,26,26,26,92,26,26,26,26,26,26,26,26,26,26,26,26,26,26,26,26,26,26,26,26,26,26,26,26,26,26,26,26,26,26,26,26,26,26,26,26,26,26,26,26,26,26,26,26,26,26,26,26,26,26,26,26,26,26,26,26,26,26,26,26,26,26,26,26,26,26,26,26,26,26,26,26,26,26,26,26,26,26,26,26,26,26,26,26,26,26,26,26,26,26,26,26,26,26,26,26,26,26,26,
26,26,26,26,26,26,26,26,26,26,26,26,26,26,26,26,26,26,26,26,26,26,26,26,26,26,26,26,92,26,26,26,26,26,26,26,26,26,26,26,26,26,26,26,26,26,26,26,26,26,26,26,26,26,26,26,26,26,26,26,26,26,26,26,26,26,26,26,26,26,26,26,26,26,26,26,26,26,26,26,26,26,26,26,26,26,26,26,26,26,26,26,26,26,26,26,26,26,26,26,26,26,26,26,26,26,26,26,26,26,26,26,26,26,26,26,26,26,26,26,26,26,26,26,26,26,26,26,
26,26,26,26,26,26,26,26,26,26,26,26,26,26,26,26,26,26,26,26,26,26,26,26,26,26,26,26,92,26,26,26,26,26,26,26,26,26,26,26,26,26,26,26,26,26,26,26,26,26,26,26,26,26,26,26,26,26,26,26,26,26,26,26,26,26,26,26,26,26,26,26,26,26,26,26,26,26,26,26,26,26,26,26,26,26,26,26,26,26,26,26,26,26,26,26,26,26,26,26,26,26,26,26,26,26,26,26,26,26,26,26,26,26,26,26,26,26,26,26,26,26,26,26,26,26,26,26,
26,26,26,26,26,26,26,26,26,26,26,26,26,26,26,26,26,26,26,26,26,26,26,26,26,26,26,26,92,26,26,26,26,26,26,26,26,26,26,26,26,26,26,26,26,26,26,26,26,26,26,26,26,26,26,26,26,26,26,26,26,26,26,26,26,26,26,26,26,26,26,26,26,26,26,26,26,26,26,26,26,26,26,26,26,26,26,26,26,26,26,26,26,26,26,26,26,26,26,26,26,26,26,26,26,26,26,26,26,26,26,26,26,26,26,26,26,26,26,26,26,26,26,26,26,26,26,26,
26,26,26,26,26,26,26,26,26,26,26,26,26,26,26,26,26,26,26,26,26,26,26,26,26,26,26,26,92,26,26,26,26,26,26,26,26,26,26,26,26,26,26,26,26,26,26,26,26,26,26,26,26,26,26,26,26,26,26,26,26,26,26,26,26,26,26,26,26,26,26,26,26,26,26,26,26,26,26,26,26,26,26,26,26,26,26,26,26,26,26,26,26,26,26,26,26,26,26,26,26,26,26,26,26,26,26,26,26,26,26,26,26,26,26,26,26,26,26,26,26,26,26,26,26,26,26,26,
26,26,26,26,26,26,26,26,26,26,26,26,26,26,26,26,26,26,26,26,26,26,26,26,26,26,26,26,92,26,26,26,26,26,26,26,26,26,26,26,26,26,26,26,26,26,26,26,26,26,26,26,26,26,26,26,26,26,26,26,26,26,26,26,26,26,26,26,26,26,26,26,26,26,26,26,26,26,26,26,26,26,26,26,26,26,26,26,26,26,26,26,26,26,26,26,26,26,26,26,26,26,26,26,26,26,26,26,26,26,26,26,26,26,26,26,26,26,26,26,26,26,26,26,26,26,26,26,
26,26,26,26,26,26,26,26,26,26,26,26,26,26,26,26,26,26,26,26,26,26,26,26,26,26,26,26,92,26,26,26,26,26,26,26,26,26,26,26,26,26,26,26,26,26,26,26,26,26,26,26,26,26,26,26,26,26,26,26,26,26,26,26,26,26,26,26,26,26,26,26,26,26,26,26,26,26,26,26,26,26,26,26,26,26,26,26,26,26,26,26,26,26,26,26,26,26,26,26,26,26,26,26,26,26,26,26,26,26,26,26,26,26,26,26,26,26,26,26,26,26,26,26,26,26,26,26,
26,26,26,26,26,26,26,26,26,26,26,26,26,26,26,26,26,26,26,26,26,26,26,26,26,26,26,26,92,26,26,26,26,26,26,26,26,26,26,26,26,26,26,26,26,26,26,26,26,26,26,26,26,26,26,26,26,26,26,26,26,26,26,26,26,26,26,26,26,26,26,26,26,26,26,26,26,26,26,26,26,26,26,26,26,26,26,26,26,26,26,26,26,26,26,26,26,26,26,26,26,26,26,26,26,26,26,26,26,26,26,26,26,26,26,26,26,26,26,26,26,26,26,26,26,26,26,26,
26,26,26,26,26,26,26,26,26,26,26,26,26,26,26,26,26,26,26,26,26,26,26,26,26,26,26,26,92,26,26,26,26,26,26,26,26,26,26,26,26,26,26,26,26,26,26,26,26,26,26,26,26,26,26,26,26,26,26,26,26,26,26,26,26,26,26,26,26,26,26,26,26,26,26,26,26,26,26,26,26,26,26,26,26,26,26,26,26,26,26,26,26,26,26,26,26,26,26,26,26,26,26,26,26,26,26,26,26,26,26,26,26,26,26,26,26,26,26,26,26,26,26,26,26,26,26,26,
26,26,26,26,26,26,26,26,26,26,26,26,26,26,26,26,26,26,26,26,26,26,26,26,26,26,26,26,92,26,26,26,26,26,26,26,26,26,26,26,26,26,26,26,26,26,26,26,26,26,26,26,26,26,26,26,26,26,26,26,26,26,26,26,26,26,26,26,26,26,26,26,26,26,26,26,26,26,26,26,26,26,26,26,26,26,26,26,26,26,26,26,26,26,26,26,26,26,26,26,26,26,26,26,26,26,26,26,26,26,26,26,26,26,26,26,26,26,26,26,26,26,26,26,26,26,26,26,
26,26,26,26,26,26,26,26,26,26,26,26,26,26,26,26,26,26,26,26,26,26,26,26,26,26,26,26,92,26,26,26,26,26,26,26,26,26,26,26,26,26,26,26,26,26,26,26,26,26,26,26,26,26,26,26,26,26,26,26,26,26,26,26,26,26,26,26,26,26,26,26,26,26,26,26,26,26,26,26,26,26,26,26,26,26,26,26,26,26,26,26,26,26,26,26,26,26,26,26,26,26,26,26,26,26,26,26,26,26,26,26,26,26,26,26,26,26,26,26,26,26,26,26,26,26,26,26,
26,26,26,26,26,26,26,26,26,26,26,26,26,26,26,26,26,26,26,26,26,26,26,26,26,26,26,26,92,26,26,26,26,26,26,26,26,26,26,26,26,26,26,26,26,26,26,26,26,26,26,26,26,26,26,26,26,26,26,26,26,26,26,26,26,26,26,26,26,26,26,26,26,26,26,26,26,26,26,26,26,26,26,26,26,26,26,26,26,26,26,26,26,26,26,26,26,26,26,26,26,26,26,26,26,26,26,26,26,26,26,26,26,26,26,26,26,26,26,26,26,26,26,26,26,26,26,26,
26,26,26,26,26,26,26,26,26,26,26,26,26,26,26,26,26,26,26,26,26,26,26,26,26,26,26,26,92,26,26,26,26,26,26,26,26,26,26,26,26,26,26,26,26,26,26,26,26,26,26,26,26,26,26,26,26,26,26,26,26,26,26,26,26,26,26,26,26,26,26,26,26,26,26,26,26,26,26,26,26,26,26,26,26,26,26,26,26,26,26,26,26,26,26,26,26,26,26,26,26,26,26,26,26,26,26,26,26,26,26,26,26,26,26,26,26,26,26,26,26,26,26,26,26,26,26,26,
26,26,26,26,26,26,26,26,26,26,26,26,26,26,26,26,26,26,26,26,26,26,26,26,26,26,26,26,92,26,26,26,26,26,26,26,26,26,26,26,26,26,26,26,26,26,26,26,26,26,26,26,26,26,26,26,26,26,26,26,26,26,26,26,26,26,26,26,26,26,26,26,26,26,26,26,26,26,26,26,26,26,26,26,26,26,26,26,26,26,26,26,26,26,26,26,26,26,26,26,26,26,26,26,26,26,26,26,26,26,26,26,26,26,26,26,26,26,26,26,26,26,26,26,26,26,26,26,
26,26,26,26,26,26,26,26,26,26,26,26,26,26,26,26,26,26,26,26,26,26,26,26,26,26,26,26,92,26,26,26,26,26,26,26,26,26,26,26,26,26,26,26,26,26,26,26,26,26,26,26,26,26,26,26,26,26,26,26,26,26,26,26,26,26,26,26,26,26,26,26,26,26,26,26,26,26,26,26,26,26,26,26,26,26,26,26,26,26,26,26,26,26,26,26,26,26,26,26,26,26,26,26,26,26,26,26,26,26,26,26,26,26,26,26,26,26,26,26,26,26,26,26,26,26,26,26,
26,26,26,26,26,26,26,26,26,26,26,26,26,26,26,26,26,26,26,26,26,26,26,26,26,26,26,26,92,26,26,26,26,26,26,26,26,26,26,26,26,26,26,26,26,26,26,26,26,26,26,26,26,26,26,26,26,26,26,26,26,26,26,26,26,26,26,26,26,26,26,26,26,26,26,26,26,26,26,26,26,26,26,26,26,26,26,26,26,26,26,26,26,26,26,26,26,26,26,26,26,26,26,26,26,26,26,26,26,26,26,26,26,26,26,26,26,26,26,26,26,26,26,26,26,26,26,26,
26,26,26,26,26,26,26,26,26,26,26,26,26,26,26,26,26,26,26,26,26,26,26,26,26,26,26,26,92,26,26,26,26,26,26,26,26,26,26,26,26,26,26,26,26,26,26,26,26,26,26,26,26,26,26,26,26,26,26,26,26,26,26,26,26,26,26,26,26,26,26,26,26,26,26,26,26,26,26,26,26,26,26,26,26,26,26,26,26,26,26,26,26,26,26,26,26,26,26,26,26,26,26,26,26,26,26,26,26,26,26,26,26,26,26,26,26,26,26,26,26,26,26,26,26,26,26,26,
26,26,26,26,26,26,26,26,26,26,26,26,26,26,26,26,26,26,26,26,26,26,26,26,26,26,26,26,92,26,26,26,26,26,26,26,26,26,26,26,26,26,26,26,26,26,26,26,26,26,26,26,26,26,26,26,26,26,26,26,26,26,26,26,26,26,26,26,26,26,26,26,26,26,26,26,26,26,26,26,26,26,26,26,26,26,26,26,26,26,26,26,26,26,26,26,26,26,26,26,26,26,26,26,26,26,26,26,26,26,26,26,26,26,26,26,26,26,26,26,26,26,26,26,26,26,26,26,
26,26,26,26,26,26,26,26,26,26,26,26,26,26,26,26,26,26,26,26,26,26,26,26,26,26,26,26,92,26,26,26,26,26,26,26,26,26,26,26,26,26,26,26,26,26,26,26,26,26,26,26,26,26,26,26,26,26,26,26,26,26,26,26,26,26,26,26,26,26,26,26,26,26,26,26,26,26,26,26,26,26,26,26,26,26,26,26,26,26,26,26,26,26,26,26,26,26,26,26,26,26,26,26,26,26,26,26,26,26,26,26,26,26,26,26,26,26,26,26,26,26,26,26,26,26,26,26,
26,26,26,26,26,26,26,26,26,26,26,26,26,26,26,26,26,26,26,26,26,26,26,26,26,26,26,26,92,26,26,26,26,26,26,26,26,26,26,26,26,26,26,26,26,26,26,26,26,26,26,26,26,26,26,26,26,26,26,26,26,26,26,26,26,26,26,26,26,26,26,26,26,26,26,26,26,26,26,26,26,26,26,26,26,26,26,26,26,26,26,26,26,26,26,26,26,26,26,26,26,26,26,26,26,26,26,26,26,26,26,26,26,26,26,26,26,26,26,26,26,26,26,26,26,26,26,26,
26,26,26,26,26,26,26,26,26,26,26,26,26,26,26,26,26,26,26,26,26,26,26,26,26,26,26,26,92,26,26,26,26,26,26,26,26,26,26,26,26,26,26,26,26,26,26,26,26,26,26,26,26,26,26,26,26,26,26,26,26,26,26,26,26,26,26,26,26,26,26,26,26,26,26,26,26,26,26,26,26,26,26,26,26,26,26,26,26,26,26,26,26,26,26,26,26,26,26,26,26,26,26,26,26,26,26,26,26,26,26,26,26,26,26,26,26,26,26,26,26,26,26,26,26,26,26,26,
26,26,26,26,26,26,26,26,26,26,26,26,26,26,26,26,26,26,26,26,26,26,26,26,26,26,26,26,92,26,26,26,26,26,26,26,26,26,26,26,26,26,26,26,26,26,26,26,26,26,26,26,26,26,26,26,26,26,26,26,26,26,26,26,26,26,26,26,26,26,26,26,26,26,26,26,26,26,26,26,26,26,26,26,26,26,26,26,26,26,26,26,26,26,26,26,26,26,26,26,26,26,26,26,26,26,26,26,26,26,26,26,26,26,26,26,26,26,26,26,26,26,26,26,26,26,26,26

[Object Layer 1]
# player
type=player
location=6,26,0,0

[Object Layer 1]
# enemy
type=enemy
location=20,25,0,0

[Object Layer 1]
# enemy
type=enemy
location=39,25,0,0

[Object Layer 1]
# enemy
type=enemy
location=57,25,0,0

[Object Layer 1]
# enemy
type=enemy
location=38,26,0,0

[Object Layer 1]
# enemy
type=enemy
location=65,26,0,0

[Object Layer 1]
# enemy
type=enemy
location=71,26,0,0

[Object Layer 1]
# platform
type=platform
location=2,28,0,0

[Object Layer 1]
# platform
type=platform
location=3,28,0,0

[Object Layer 1]
# platform
type=platform
location=4,28,0,0

[Object Layer 1]
# platform
type=platform
location=5,28,0,0

[Object Layer 1]
# platform
type=platform
location=6,28,0,0

[Object Layer 1]
# platform
type=platform
location=7,28,0,0

[Object Layer 1]
# platform
type=platform
location=9,28,0,0

[Object Layer 1]
# platform
type=platform
location=8,28,0,0

[Object Layer 1]
# platform
type=platform
location=9,28,0,0

[Object Layer 1]
# platform
type=platform
location=10,28,0,0

[Object Layer 1]
# platform
type=platform
location=11,28,0,0

[Object Layer 1]
# platform
type=platform
location=15,28,0,0

[Object Layer 1]
# platform
type=platform
location=16,28,0,0

[Object Layer 1]
# platform
type=platform
location=17,28,0,0

[Object Layer 1]
# platform
type=platform
location=18,28,0,0

[Object Layer 1]
# platform
type=platform
location=19,28,0,0

[Object Layer 1]
# platform
type=platform
location=21,28,0,0

[Object Layer 1]
# platform
type=platform
location=19,28,0,0

[Object Layer 1]
# platform
type=platform
location=20,28,0,0

[Object Layer 1]
# platform
type=platform
location=23,28,0,0

[Object Layer 1]
# platform
type=platform
location=22,28,0,0

[Object Layer 1]
# platform
type=platform
location=24,28,0,0

[Object Layer 1]
# platform
type=platform
location=25,28,0,0

[Object Layer 1]
# platform
type=platform
location=26,28,0,0

[Object Layer 1]
# platform
type=platform
location=30,28,0,0

[Object Layer 1]
# platform
type=platform
location=31,28,0,0

[Object Layer 1]
# platform
type=platform
location=33,28,0,0

[Object Layer 1]
# platform
type=platform
location=32,28,0,0

[Object Layer 1]
# platform
type=platform
location=33,28,0,0

[Object Layer 1]
# platform
type=platform
location=34,28,0,0

[Object Layer 1]
# platform
type=platform
location=35,28,0,0

[Object Layer 1]
# platform
type=platform
location=35,28,0,0

[Object Layer 1]
# platform
type=platform
location=36,28,0,0

[Object Layer 1]
# platform
type=platform
location=37,28,0,0

[Object Layer 1]
# platform
type=platform
location=38,28,0,0

[Object Layer 1]
# platform
type=platform
location=39,28,0,0

[Object Layer 1]
# platform
type=platform
location=40,28,0,0

[Object Layer 1]
# platform
type=platform
location=41,28,0,0

[Object Layer 1]
# platform
type=platform
location=41,28,0,0

[Object Layer 1]
# platform
type=platform
location=42,28,0,0

[Object Layer 1]
# platform
type=platform
location=43,28,0,0

[Object Layer 1]
# platform
type=platform
location=44,28,0,0

[Object Layer 1]
# platform
type=platform
location=48,28,0,0

[Object Layer 1]
# platform
type=platform
location=50,28,0,0

[Object Layer 1]
# platform
type=platform
location=51,28,0,0

[Object Layer 1]
# platform
type=platform
location=49,28,0,0

[Object Layer 1]
# platform
type=platform
location=52,28,0,0

[Object Layer 1]
# platform
type=platform
location=53,28,0,0

[Object Layer 1]
# platform
type=platform
location=54,28,0,0

[Object Layer 1]
# platform
type=platform
location=55,28,0,0

[Object Layer 1]
# platform
type=platform
location=56,28,0,0

[Object Layer 1]
# platform
type=platform
location=57,28,0,0

[Object Layer 1]
# platform
type=platform
location=59,28,0,0

[Object Layer 1]
# platform
type=platform
location=58,28,0,0

[Object Layer 1]
# platform
type=platform
location=60,28,0,0

[Object Layer 1]
# platform
type=platform
location=61,28,0,0

[Object Layer 1]
# platform
type=platform
location=63,28,0,0

[Object Layer 1]
# platform
type=platform
location=65,28,0,0

[Object Layer 1]
# platform
type=platform
location=64,28,0,0

[Object Layer 1]
# platform
type=platform
location=66,28,0,0

[Object Layer 1]
# platform
type=platform
location=67,28,0,0

[Object Layer 1]
# platform
type=platform
location=62,28,0,0

[Object Layer 1]
# platform
type=platform
location=68,28,0,0

[Object Layer 1]
# platform
type=platform
location=69,28,0,0

[Object Layer 1]
# platform
type=platform
location=71,28,0,0

[Object Layer 1]
# platform
type=platform
location=72,28,0,0

[Object Layer 1]
# platform
type=platform
location=70,28,0,0

[Object Layer 1]
# platform
type=platform
location=73,28,0,0

[Object Layer 1]
# platform
type=platform
location=74,28,0,0

[Object Layer 1]
# platform
type=platform
location=75,28,0,0

[Object Layer 1]
# platform
type=platform
location=76,28,0,0

[Object Layer 1]
# platform
type=platform
location=3,28,0,0

[Object Layer 1]
# platform
type=platform
location=80,28,0,0

[Object Layer 1]
# platform
type=platform
location=81,28,0,0

[Object Layer 1]
# platform
type=platform
location=82,28,0,0

[Object Layer 1]
# platform
type=platform
location=83,28,0,0

[Object Layer 1]
# platform
type=platform
location=84,28,0,0

[Object Layer 1]
# platform
type=platform
location=85,28,0,0

[Object Layer 1]
# platform
type=platform
location=86,28,0,0

[Object Layer 1]
# platform
type=platform
location=87,28,0,0

[Object Layer 1]
# platform
type=platform
location=88,28,0,0

[Object Layer 1]
# platform
type=platform
location=91,28,0,0

[Object Layer 1]
# platform
type=platform
location=92,28,0,0

[Object Layer 1]
# platform
type=platform
location=93,28,0,0

[Object Layer 1]
# platform
type=platform
location=94,28,0,0

[Object Layer 1]
# platform
type=platform
location=95,28,0,0

[Object Layer 1]
# platform
type=platform
location=96,28,0,0

[Object Layer 1]
# platform
type=platform
location=97,28,0,0

[Object Layer 1]
# platform
type=platform
location=101,28,0,0

[Object Layer 1]
# platform
type=platform
location=103,28,0,0

[Object Layer 1]
# platform
type=platform
location=102,28,0,0

[Object Layer 1]
# platform
type=platform
location=103,28,0,0

[Object Layer 1]
# platform
type=platform
location=104,28,0,0

[Object Layer 1]
# platform
type=platform
location=105,28,0,0

[Object Layer 1]
# platform
type=platform
location=106,28,0,0

[Object Layer 1]
# platform
type=platform
location=108,28,0,0

[Object Layer 1]
# platform
type=platform
location=108,28,0,0

[Object Layer 1]
# platform
type=platform
location=107,28,0,0

[Object Layer 1]
# platform
type=platform
location=109,28,0,0

[Object Layer 1]
# platform
type=platform
location=112,28,0,0

[Object Layer 1]
# platform
type=platform
location=113,28,0,0

[Object Layer 1]
# platform
type=platform
location=114,28,0,0

[Object Layer 1]
# platform
type=platform
location=115,28,0,0

[Object Layer 1]
# platform
type=platform
location=116,28,0,0

[Object Layer 1]
# platform
type=platform
location=117,28,0,0

[Object Layer 1]
# platform
type=platform
location=119,28,0,0

[Object Layer 1]
# platform
type=platform
location=118,28,0,0

[Object Layer 1]
# platform
type=platform
location=120,28,0,0

[Object Layer 1]
# platform
type=platform
location=121,28,0,0

[Object Layer 1]
# platform
type=platform
location=122,28,0,0

[Object Layer 1]
# platform
type=platform
location=123,28,0,0

[Object Layer 1]
# platform
type=platform
location=124,28,0,0

[Object Layer 1]
# platform
type=platform
location=125,28,0,0

[Object Layer 1]
# platform
type=platform
location=126,28,0,0

[Object Layer 1]
# platform
type=platform
location=127,28,0,0

